#ESTAR: Stopping Powers and Range Tables for Electrons
#
#SILICON                                                                   
#
#Kinetic   Total     CSDA      
#Energy    Stp. Pow. Range     
#MeV       MeV cm2/g g/cm2
#
1.000E-02 1.690E+01 3.461E-04 
1.250E-02 1.433E+01 5.074E-04 
1.500E-02 1.252E+01 6.946E-04 
1.750E-02 1.116E+01 9.065E-04 
2.000E-02 1.011E+01 1.142E-03 
2.500E-02 8.564E+00 1.682E-03 
3.000E-02 7.487E+00 2.308E-03 
3.500E-02 6.690E+00 3.016E-03 
4.000E-02 6.075E+00 3.802E-03 
4.500E-02 5.584E+00 4.661E-03 
5.000E-02 5.183E+00 5.592E-03 
5.500E-02 4.850E+00 6.590E-03 
6.000E-02 4.568E+00 7.653E-03 
7.000E-02 4.116E+00 9.964E-03 
8.000E-02 3.769E+00 1.251E-02 
9.000E-02 3.496E+00 1.526E-02 
1.000E-01 3.274E+00 1.822E-02 
1.250E-01 2.867E+00 2.642E-02 
1.500E-01 2.592E+00 3.561E-02 
1.750E-01 2.394E+00 4.566E-02 
2.000E-01 2.245E+00 5.646E-02 
2.500E-01 2.038E+00 7.991E-02 
3.000E-01 1.903E+00 1.054E-01 
3.500E-01 1.809E+00 1.323E-01 
4.000E-01 1.741E+00 1.606E-01 
4.500E-01 1.690E+00 1.897E-01 
5.000E-01 1.652E+00 2.197E-01 
5.500E-01 1.623E+00 2.502E-01 
6.000E-01 1.600E+00 2.812E-01 
7.000E-01 1.568E+00 3.444E-01 
8.000E-01 1.549E+00 4.086E-01 
9.000E-01 1.537E+00 4.734E-01 
1.000E+00 1.531E+00 5.386E-01 
1.250E+00 1.529E+00 7.022E-01 
1.500E+00 1.538E+00 8.652E-01 
1.750E+00 1.551E+00 1.027E+00 
2.000E+00 1.567E+00 1.188E+00 
2.500E+00 1.600E+00 1.503E+00 
3.000E+00 1.634E+00 1.812E+00 
3.500E+00 1.667E+00 2.115E+00 
4.000E+00 1.699E+00 2.412E+00 
4.500E+00 1.729E+00 2.704E+00 
5.000E+00 1.758E+00 2.991E+00 
5.500E+00 1.786E+00 3.273E+00 
6.000E+00 1.813E+00 3.551E+00 
7.000E+00 1.865E+00 4.095E+00 
8.000E+00 1.916E+00 4.624E+00 
9.000E+00 1.965E+00 5.139E+00 
1.000E+01 2.013E+00 5.642E+00 
1.250E+01 2.130E+00 6.849E+00 
1.500E+01 2.245E+00 7.992E+00 
1.750E+01 2.359E+00 9.078E+00 
2.000E+01 2.472E+00 1.011E+01 
2.500E+01 2.695E+00 1.205E+01 
3.000E+01 2.917E+00 1.383E+01 
3.500E+01 3.139E+00 1.548E+01 
4.000E+01 3.360E+00 1.702E+01 
4.500E+01 3.581E+00 1.847E+01 
5.000E+01 3.802E+00 1.982E+01 
5.500E+01 4.023E+00 2.110E+01 
6.000E+01 4.244E+00 2.231E+01 
7.000E+01 4.686E+00 2.455E+01 
8.000E+01 5.129E+00 2.659E+01 
9.000E+01 5.573E+00 2.846E+01 
1.000E+02 6.017E+00 3.019E+01 
1.250E+02 7.130E+00 3.400E+01 
1.500E+02 8.246E+00 3.726E+01 
1.750E+02 9.365E+00 4.010E+01 
2.000E+02 1.049E+01 4.262E+01 
2.500E+02 1.273E+01 4.694E+01 
3.000E+02 1.498E+01 5.056E+01 
3.500E+02 1.724E+01 5.367E+01 
4.000E+02 1.950E+01 5.639E+01 
4.500E+02 2.176E+01 5.882E+01 
5.000E+02 2.402E+01 6.101E+01 
5.500E+02 2.628E+01 6.299E+01 
6.000E+02 2.854E+01 6.482E+01 
7.000E+02 3.308E+01 6.807E+01 
8.000E+02 3.761E+01 7.090E+01 
9.000E+02 4.215E+01 7.341E+01 
1.000E+03 4.669E+01 7.567E+01 
